ALLEN PHILLIP K 0 0 0 0 2869717 0 0 0 0 2869717 1729541 126027 (126027) 1729541
BADUM JAMES P 0 0 0 0 178980 0 0 3486 0 182466 257817 0 0 257817
BANNANTINE JAMES M 0 0 0 0 0 0 56301 0 56301 4046157 1757552 (560222) 5243487
BAXTER JOHN C 267102 1200000 1586055 (1386055) 1295738 0 2660303 8895 0 5632038 6680544 3942714 0 10623258
BAY FRANKLIN R 0 0 0 0 260455 0 0 0 0 260455 0 145796 (82782) 63014
BAZELIDES PHILIP J 80818 0 93750 0 684694 0 874 0 0 860136 1599641 0 0 1599641
BECK SALLY W 0 0 0 0 0 0 0 399 0 399 0 126027 0 126027
BELDEN TIMOTHY N 0 0 0 0 2144013 0 0 0 0 2144013 953136 157569 0 1110705
BELFER ROBERT A 0 0 0 (102500) 0 0 0 3285 102500 3285 0 44093 (44093) 0
BERBERIAN DAVID 0 0 0 0 0 0 0 0 0 0 1624396 869220 0 2493616
BERGSIEKER RICHARD P 0 0 0 0 0 0 0 0 0 0 0 659249 0 659249
BHATNAGAR SANJAY 0 0 0 0 0 0 0 137864 0 137864 15456290 2604490 (2604490) 15456290
BIBI PHILIPPE A 0 0 0 0 0 0 0 0 0 0 1465734 378082 0 1843816
BLACHMAN JEREMY M 0 0 0 0 0 0 0 0 0 0 765313 189041 0 954354
BLAKE JR. NORMAN P 0 0 0 (113784) 0 0 0 1279 113784 1279 0 0 0 0
BOWEN JR RAYMOND M 0 0 0 0 0 0 0 0 0 0 0 252055 0 252055
BUCHANAN HAROLD G 0 0 0 0 0 0 0 0 0 0 825464 189041 0 1014505
BUTTS ROBERT H 261516 750000 175000 (75000) 0 0 150656 9410 0 1271582 0 417619 0 417619
BUY RICHARD B 330546 900000 769862 (694862) 649584 0 400572 0 0 2355702 2542813 901657 0 3444470
CALGER CHRISTOPHER F 0 0 0 0 0 0 0 0 0 0 0 126027 0 126027
CARTER REBECCA C 261809 300000 75000 (159792) 0 0 540 0 0 477557 0 307301 (307301) 0
CAUSEY RICHARD A 415189 1000000 350000 (235000) 0 0 307895 30674 0 1868758 0 2502063 0 2502063
CHAN RONNIE 0 0 0 (98784) 0 0 0 0 98784 0 0 32460 (32460) 0
CHRISTODOULOU DIOMEDES 0 0 0 0 0 0 0 0 0 0 5127155 950730 0 6077885
CLINE KENNETH W 0 0 0 0 0 0 0 0 0 0 0 662086 (472568) 189518
COLWELL WESLEY 0 0 0 0 27610 0 0 0 0 27610 0 698242 0 698242
CORDES WILLIAM R 0 0 0 0 0 0 0 0 0 0 651850 386335 0 1038185
COX DAVID 0 0 0 0 0 0 0 0 0 0 117551 378082 0 495633
CUMBERLAND MICHAEL S 0 0 0 0 0 0 0 0 0 0 0 207940 0 207940
DEFFNER JOSEPH M 0 0 0 0 0 0 0 0 0 0 17378 141833 0 159211
DELAINEY DAVID W 0 0 0 0 0 0 0 0 0 0 2291113 1323148 0 3614261
DERRICK JR. JAMES V 492375 800000 484000 (1284000) 0 0 7482 51124 0 550981 8831913 1787380 (1787380) 8831913
DETMERING TIMOTHY J 114454 125000 0 (29167) 875307 0 609 39652 0 1125855 2027865 315068 (315068) 2027865
DIETRICH JANET R 0 0 0 0 0 0 0 0 0 0 1550019 315068 0 1865087
DIMICHELE RICHARD G 0 0 0 0 0 0 0 0 0 0 8191755 126027 0 8317782
DONAHUE JR JEFFREY M 104339 200000 0 0 0 0 334 42609 0 347282 765920 315068 0 1080988
DUNCAN JOHN H 0 0 0 (25000) 0 0 0 0 102492 77492 371750 0 0 371750
DURAN WILLIAM D 0 0 0 0 0 0 0 0 0 0 1451869 189041 0 1640910
ECHOLS JOHN B 0 0 0 0 0 0 0 0 0 0 601438 407503 0 1008941
ELLIOTT STEVEN 0 0 0 0 0 0 0 74000 0 74000 4890344 1788391 0 6678735
FALLON JAMES B 0 0 0 0 0 0 0 8537 0 8537 940257 1392142 0 2332399
FASTOW ANDREW S 440698 1300000 1736055 (1386055) 0 0 277464 55921 0 2424083 0 1794412 0 1794412
FITZGERALD JAY L 0 0 0 0 0 0 0 0 0 0 664461 956775 0 1621236
FOWLER PEGGY 0 0 0 0 0 0 0 0 0 0 1324578 560170 0 1884748
FOY JOE 0 0 0 0 181755 0 0 0 0 181755 343434 0 0 343434
FREVERT MARK A 336122 0 0 0 6426990 2000000 2682394 64386 0 11509892 10433518 4188667 0 14622185
FUGH JOHN L 0 0 0 0 50591 0 0 0 0 50591 176378 0 0 176378
GAHN ROBERT S 0 0 0 0 73122 0 0 50080 0 123202 83237 235370 0 318607
GARLAND C KEVIN 88889 0 0 0 0 0 60305 12265 0 161459 636246 259907 0 896153
GATHMANN WILLIAM D 0 0 0 0 0 0 0 0 0 0 1753766 264013 (72419) 1945360
GIBBS DANA R 0 0 461912 0 504610 0 0 0 0 966522 2218275 0 0 2218275
GILLIS JOHN 0 0 0 0 0 0 0 0 0 0 9803 75838 0 85641
GLISAN JR BEN F 274975 600000 71023 0 0 0 200308 125978 0 1272284 384728 393818 0 778546
GOLD JOSEPH 0 0 0 0 0 0 0 0 0 0 436515 441096 0 877611
GRAMM WENDY L 0 0 0 0 0 0 0 0 119292 119292 0 0 0 0
GRAY RODNEY 6615 0 365625 0 93585 0 680833 0 0 1146658 0 0 0 0
HAEDICKE MARK E 0 0 0 0 2157527 0 0 0 0 2157527 608750 524169 (329825) 803094
HANNON KEVIN P 0 0 0 0 0 0 0 0 0 0 5538001 853064 0 6391065
HAUG DAVID L 0 0 0 0 0 0 0 475 0 475 0 2217299 0 2217299
HAYES ROBERT E 0 0 0 0 7961 0 0 0 0 7961 0 151418 0 151418
HAYSLETT RODERICK J 0 0 0 0 0 0 0 0 0 0 0 346663 0 346663
HERMANN ROBERT J 262663 700000 150000 (280000) 0 0 416441 48357 0 1297461 187500 480632 0 668132
HICKERSON GARY J 0 0 0 0 0 0 0 0 0 0 0 441096 0 441096
HIRKO JOSEPH 0 0 0 0 10259 0 0 0 0 10259 30766064 0 30766064
HORTON STANLEY C 0 0 0 0 3131860 0 0 0 0 3131860 5210569 2046079 0 7256648
HUGHES JAMES A 0 0 0 0 0 0 0 0 0 0 754966 363428 0 1118394
HUMPHREY GENE E 130724 0 0 0 2964506 0 0 4994 0 3100224 2282768 0 2282768
IZZO LAWRENCE L 0 0 0 0 0 0 0 0 0 0 2165172 3654808 0 5819980
JACKSON CHARLENE R 96586 250000 0 0 0 0 784 10181 0 357551 185063 540672 0 725735
JAEDICKE ROBERT 0 0 0 (25000) 0 0 0 0 108750 83750 431750 44093 (44093) 431750
KAMINSKI WINCENTY J 0 0 0 0 0 0 0 30 0 30 850010 126027 0 976037
KEAN STEVEN J 404338 1000000 300000 0 0 0 1231 41953 0 1747522 2022048 4131594 0 6153642
KISHKILL JOSEPH G 0 0 0 0 0 0 0 116293 0 116293 0 1034346 0 1034346
KITCHEN LOUISE 0 0 0 0 0 0 0 0 0 0 81042 466101 0 547143
KOENIG MARK E 309946 700000 300000 0 0 0 150458 127017 0 1587421 671737 1248318 0 1920055
KOPPER MICHAEL J 224305 800000 602671 0 0 0 907502 118134 0 2652612 0 985032 0 985032
LAVORATO JOHN J 0 0 0 0 0 0 0 0 0 0 4158995 1008149 0 5167144
LAY KENNETH L 1072320 7000000 3600000 (300000) 202911 81525000 10359729 99832 0 103559792 34348384 14761694 0 49110078
LEFF DANIEL P 0 0 0 0 0 0 0 0 0 0 0 360528 0 360528
LEMAISTRE CHARLES 0 0 0 (25000) 0 0 0 0 112492 87492 412878 0 0 412878
LEWIS RICHARD 0 0 0 0 0 0 0 0 0 0 850477 0 0 850477
LOWRY CHARLES P 0 0 0 0 0 0 0 0 0 0 372205 153686 (153686) 372205
MARTIN AMANDA K 349487 0 5145434 0 85430 2818454 8211 0 8407016 2070306 0 0 2070306
MCCARTY DANNY J 0 0 0 0 0 0 0 0 0 0 664375 94556 0 758931
MCCLELLAN GEORGE 0 0 0 0 0 0 0 0 0 0 506765 441096 0 947861
MCCONNELL MICHAEL S 0 0 0 0 0 0 0 0 0 0 1623010 1478269 0 3101279
MCDONALD REBECCA 0 0 0 0 0 0 0 0 0 0 757301 934065 0 1691366
MCMAHON JEFFREY 42809 1500000 0 0 0 0 300095 1748 0 1844652 1104054 558801 0 1662855
MENDELSOHN JOHN 0 0 0 (103750) 0 0 0 148 103750 148 0 0 0 0
METTS MARK 365788 600000 0 0 0 0 1740 94299 0 1061827 0 585062 0 585062
MEYER JEROME J 0 0 0 (38346) 0 0 0 2151 38346 2151 0 0 0 0
MEYER ROCKFORD G 0 0 0 0 1848227 0 0 0 0 1848227 493489 462384 0 955873
MORAN MICHAEL P 0 0 0 0 0 0 0 0 0 0 59539 161602 0 221141
MORDAUNT KRISTINA M 78197 0 0 0 0 0 46 7481 0 85724 0 208510 0 208510
MULLER MARK S 0 0 0 0 842924 0 0 0 0 842924 1056320 360528 0 1416848
MURRAY JULIA H 0 0 0 0 0 0 43791 0 43791 400478 196983 0 597461
NOLES JAMES L 0 0 0 0 774401 0 0 0 0 774401 0 463261 (94556) 368705
OLSON CINDY K 329078 750000 100000 0 77716 0 972 63791 0 1321557 1637034 969729 0 2606763
OVERDYKE JR JERE C 0 0 0 0 0 0 0 0 0 0 5266578 2041016 0 7307594
PAI LOU L 157557 0 0 0 0 0 1690224 32047 0 1879828 15364167 8453763 0 23817930
PEREIRA PAULO V. FERRAZ 0 0 0 (101250) 0 0 0 27942 101250 27942 0 0 0 0
PICKERING MARK R 0 0 0 0 0 0 0 0 0 0 28798 0 0 28798
PIPER GREGORY F 0 0 0 0 1130036 0 0 0 0 1130036 880290 409554 (409554) 880290
PIRO JIM 0 0 0 0 0 0 0 0 0 0 0 47304 0 47304
POWERS WILLIAM 0 0 0 (17500) 0 0 0 0 17500 0 0 0 0 0
PRENTICE JAMES 0 0 0 0 564348 0 0 0 0 564348 886231 208809 0 1095040
REDMOND BRIAN L 0 0 0 0 0 0 0 0 0 0 7509039 381285 0 7890324
REYNOLDS LAWRENCE 0 0 0 0 51365 0 0 0 0 51365 4160672 201483 (140264) 4221891
RICE KENNETH D 111106 0 0 (36750) 0 0 105288 6959 0 186603 19794175 2748364 0 22542539
RIEKER PAULA H 249201 700000 0 (100000) 214678 0 1950 33271 0 1099100 1635238 283649 0 1918887
SAVAGE FRANK 0 0 0 (121284) 0 0 0 0 125034 3750 0 0 0 0
SCRIMSHAW MATTHEW 0 0 0 0 0 0 0 0 0 0 759557 0 0 759557
SHANKMAN JEFFREY A 0 0 0 0 0 0 0 0 0 0 1441898 630137 0 2072035
SHAPIRO RICHARD S 269076 650000 0 0 0 0 705 137767 0 1057548 607837 379164 0 987001
SHARP VICTORIA T 0 0 0 0 187469 0 0 116337 0 303806 281073 213063 0 494136
SHELBY REX 0 0 0 0 0 0 0 0 0 0 1624396 869220 0 2493616
SHERRICK JEFFREY B 0 0 0 0 0 0 0 0 0 0 1426469 405999 0 1832468
SHERRIFF JOHN R 0 0 0 0 0 0 0 0 0 0 1835558 1293424 0 3128982
SKILLING JEFFREY K 1111258 5600000 1920000 0 0 0 22122 29336 0 8682716 19250000 6843672 0 26093672
STABLER FRANK 239502 500000 0 0 0 0 356071 16514 0 1112087 0 511734 0 511734
SULLIVAN-SHAKLOVITZ COLLEEN 0 0 0 0 181993 0 0 0 0 181993 1362375 0 0 1362375
SUNDE MARTIN 0 0 0 0 0 0 0 0 0 0 0 698920 0 698920
TAYLOR MITCHELL S 265214 600000 0 0 227449 0 0 0 0 1092663 3181250 563798 0 3745048
THORN TERENCE H 35402 0 200000 0 16586 0 3127 11248 0 266363 4452476 365320 0 4817796
TILNEY ELIZABETH A 0 0 0 0 0 0 0 0 0 0 591250 576792 0 1168042
URQUHART JOHN A 0 0 0 (36666) 0 0 0 228656 36666 228656 0 0 0 0
WAKEHAM JOHN 0 0 0 0 0 0 0 103773 109298 213071 0 0 0 0
WALLS JR ROBERT H 357091 850000 540751 0 0 0 2 50936 0 1798780 4346544 1552453 0 5898997
WALTERS GARETH W 0 0 0 0 53625 0 0 33785 87410 1030329 0 0 1030329
WASAFF GEORGE 259996 325000 200000 (583325) 831299 0 1425 0 0 1034395 1668260 388167 0 2056427
WESTFAHL RICHARD K 0 0 0 0 0 0 0 0 0 0 0 384930 0 384930
WHALEY DAVID A 0 0 0 0 0 0 0 0 0 0 98718 0 0 98718
WHALLEY LAWRENCE G 95911 0 0 0 0 0 128 7131 0 103170 3282960 2796177 0 6079137
WHITE JR THOMAS E 0 0 0 0 0 0 0 0 0 0 1297049 13847074 0 15144123
WINOKUR JR. HERBERT S 0 0 0 (25000) 0 0 1413 108579 84992 0 0 0 0
WODRASKA JOHN 0 0 0 0 0 0 189583 0 0 189583 0 0 0 0
WROBEL BRUCE 0 0 0 0 0 0 0 0 0 0 139130 0 0 139130
YEAGER F SCOTT 0 0 0 0 0 0 0 0 0 0 8308552 3576206 0 11884758
YEAP SOON 0 0 0 0 0 0 0 55097 0 55097 192758 0 0 192758
LINDHOLM TOD A 236457 200000 175000 0 204075 0 2630 57727 0 875889 2549361 514847 0 3064208